6 7 8 9 10 11 12 13 14 15 16 17 18 19 20 21 22 23 24 25 26 27 28 29 30 31 32 33 34 35 36 37 38 39 40 41 42 43 44 45 46 47 48 49 50 51 52 53 54 55 56 57 58 59 60 61 62 63 64 65 66 67 68 69 70 71 72 73 74 75 76 77 78 79 80 81 82 83 84 85 86 87 88 89 90
1 2 3 4 5
6 7 8 9 10
11 12 13 14
15 16 17 18
19 20 21 22
23 24 25 26
27 28 29 30
31 32 33 34
35 36 37 38
39 40 41 42
43 44 45 46
47 48 49 50
51 52 53 54
55 56 57 58
59 60 61 62
63 64 65 66
67 68 69 70
71 72 73 74
75 76 77 78
79 80 81 82
83 84 85 86
87 88 89 90
11 15 19 23 27 31 35 39 43 47 51 55 59 63 67 71 75 79 83 87
12 16 20 24 28 32 36 40 44 48 52 56 60 64 68 72 76 80 84 88
13 17 21 25 29 33 37 41 45 49 53 57 61 65 69 73 77 81 85 89
14 18 22 26 30 34 38 42 46 50 54 58 62 66 70 74 78 82 86 90
1 6
2 7
3 8
4 9
5 10
